TrackID,Line,Section,Block Number,Block Length (m),Block Grade (%),Speed Limit (Km/Hr),Infrastructure,Primary Next Track,Secondary Next Track,Primary Prev Track,Secondary Prev Track,BiDirectional,Station ID,Station Name,StationSide,Underground,First Track,Last Track,ELEVATION (M),CUMALTIVE ELEVATION (M)
1001,Red,A,1,50,0.5,40,,1002,,1015,,1,,,,0,0,0,0.25,0.25
1002,Red,A,2,50,1,40,,1003,,1001,,1,,,,0,0,0,0.50,0.75
1003,Red,A,3,50,1.5,40,,1004,,1002,,1,,,,0,0,0,0.75,1.50
1004,Red,B,4,50,2,40,,1005,,1003,,1,,,,0,0,0,1.00,2.50
1005,Red,B,5,50,1.5,40,,1006,,1004,,1,,,,0,0,0,0.75,3.25
1006,Red,B,6,50,1,40,,1007,,1005,,1,,,,0,0,0,0.50,3.75
1007,Red,C,7,75,0.5,40,STATION: SHADYSIDE,1008,,1006,,1,1,Shadyside,L,0,0,0,0.38,4.13
1008,Red,C,8,75,0,40,,1009,,1007,,1,,,,0,0,0,0.00,4.13
1009,Red,C,9,75,0,40,SWITCH TO/FROM YARD,1010,-1,1008,,1,,,,0,1,1,0.00,4.13
1010,Red,D,10,75,0,40,,1011,,1009,,1,,,,0,0,0,0.00,4.13
1011,Red,D,11,75,-0.5,40,,1012,,1010,,1,,,,0,0,0,-0.38,3.75
1012,Red,D,12,75,-1,40,,1013,,1011,,1,,,,0,0,0,-0.75,3.00
1013,Red,E,13,70,-2,40,,1014,,1012,,1,,,,0,0,0,-1.40,1.60
1014,Red,E,14,60,-1.25,40,,1015,,1013,,1,,,,0,0,0,-0.75,0.85
1015,Red,E,15,60,-1,40,SWITCH,1016,,1014,1001,1,,,,0,0,0,-0.60,0.25
1016,Red,F,16,50,-0.5,40,STATION: HERRON AVE,1017,,1015,,1,2,Herron Ave,R,0,0,0,-0.25,0.00
1017,Red,F,17,200,-0.5,55,,1018,,1016,,1,,,,0,0,0,-1.00,-1.00
1018,Red,F,18,400,-0.06025,70,,1019,,1017,,1,,,,0,0,0,-0.24,-1.24
1019,Red,F,19,400,0,70,,1020,,1018,,1,,,,0,0,0,0.00,-1.24
1020,Red,F,20,200,0,70,,1021,,1019,,1,,,,0,0,0,0.00,-1.24
1021,Red,G,21,100,0,55,STATION; SWISSVILLE,1022,,1020,,1,3,Swissville,R,0,0,0,0.00,-1.24
1022,Red,G,22,100,0,55,,1023,,1021,,1,,,,0,0,0,0.00,-1.24
1023,Red,G,23,100,0,55,,1024,,1022,,1,,,,0,0,0,0.00,-1.24
1024,Red,H,24,50,0,70,UNDERGROUND,1025,,1023,,1,,,,1,0,0,0.00,-1.24
1025,Red,H,25,50,0,70,STATION;    PENN STATION; UNDERGROUND,1026,,1024,,1,4,Penn Station,L,1,0,0,0.00,-1.24
1026,Red,H,26,50,0,70,UNDERGROUND,1027,,1025,,1,,,,1,0,0,0.00,-1.24
1027,Red,H,27,50,0,70,SWITCH; UNDERGROUND,1028,1076,1026,,1,,,,1,0,0,0.00,-1.24
1028,Red,H,28,50,0,70,UNDERGROUND,1029,,1027,,1,,,,1,0,0,0.00,-1.24
1029,Red,H,29,60,0,70,UNDERGROUND,1030,,1028,,1,,,,1,0,0,0.00,-1.24
1030,Red,H,30,60,0,70,UNDERGROUND,1031,,1029,,1,,,,1,0,0,0.00,-1.24
1031,Red,H,31,50,0,70,UNDERGROUND,1032,,1030,,1,,,,1,0,0,0.00,-1.24
1032,Red,H,32,50,0,70,SWITCH; UNDERGROUND,1033,,1031,1072,1,,,,1,0,0,0.00,-1.24
1033,Red,H,33,50,0,70,UNDERGROUND,1034,,1032,,1,,,,1,0,0,0.00,-1.24
1034,Red,H,34,50,0,70,UNDERGROUND,1035,,1033,,1,,,,1,0,0,0.00,-1.24
1035,Red,H,35,50,0,70,STATION;     STEEL PLAZA; UNDERGROUND,1036,,1034,,1,5,Steel Plaza,L,1,0,0,0.00,-1.24
1036,Red,H,36,50,0,70,UNDERGROUND,1037,,1035,,1,,,,1,0,0,0.00,-1.24
1037,Red,H,37,50,0,70,UNDERGROUND,1038,,1036,,1,,,,1,0,0,0.00,-1.24
1038,Red,H,38,50,0,70,SWITCH; UNDERGROUND,1039,1071,1037,,1,,,,1,0,0,0.00,-1.24
1039,Red,H,39,50,0,70,UNDERGROUND,1040,,1038,,1,,,,1,0,0,0.00,-1.24
1040,Red,H,40,60,0,70,UNDERGROUND,1041,,1039,,1,,,,1,0,0,0.00,-1.24
1041,Red,H,41,60,0,70,UNDERGROUND,1042,,1040,,1,,,,1,0,0,0.00,-1.24
1042,Red,H,42,50,0,70,UNDERGROUND,1043,,1041,,1,,,,1,0,0,0.00,-1.24
1043,Red,H,43,50,0,70,SWITCH; UNDERGROUND,1044,,1042,1067,1,,,,1,0,0,0.00,-1.24
1044,Red,H,44,50,0,70,UNDERGROUND,1045,,1043,,1,,,,1,0,0,0.00,-1.24
1045,Red,H,45,50,0,70,STATION;     FIRST AVE; UNDERGROUND,1046,,1044,,1,6,First Ave,L,1,0,0,0.00,-1.24
1046,Red,I,46,75,0,70,UNDERGROUND,1047,,1045,,1,,,,1,0,0,0.00,-1.24
1047,Red,I,47,75,0,70,RAILWAY CROSSING,1048,,1046,,1,,,,0,0,0,0.00,-1.24
1048,Red,I,48,75,0,70,STATION; STATION SQUARE,1049,,1047,,1,7,Station Square,L,0,0,0,0.00,-1.24
1049,Red,J,49,50,0,60,,1050,,1048,,1,,,,0,0,0,0.00,-1.24
1050,Red,J,50,50,0,60,,1051,,1049,,1,,,,0,0,0,0.00,-1.24
1051,Red,J,51,50,0,55,,1052,,1050,,1,,,,0,0,0,0.00,-1.24
1052,Red,J,52,43.2,0,55,SWITCH,1053,1066,1051,,1,,,,0,0,0,0.00,-1.24
1053,Red,J,53,50,0,55,,1054,,1052,,1,,,,0,0,0,0.00,-1.24
1054,Red,J,54,50,0,55,,1055,,1053,,1,,,,0,0,0,0.00,-1.24
1055,Red,K,55,75,0.5,55,,1056,,1054,,1,,,,0,0,0,0.38,-0.87
1056,Red,K,56,75,0.5,55,,1057,,1055,,1,,,,0,0,0,0.38,-0.49
1057,Red,K,57,75,0.5,55,,1058,,1056,,1,,,,0,0,0,0.38,-0.12
1058,Red,L,58,75,1,55,,1059,,1057,,1,,,,0,0,0,0.75,0.63
1059,Red,L,59,75,0.5,55,,1060,,1058,,1,,,,0,0,0,0.38,1.01
1060,Red,L,60,75,0,55,STATION; SOUTH HILLS JUNCTION,1061,,1059,,1,8,South Hills Junction,L,0,0,0,0.00,1.01
1061,Red,M,61,75,-0.5,55,,1062,,1060,,1,,,,0,0,0,-0.38,0.63
1062,Red,M,62,75,-1,55,,1063,,1061,,1,,,,0,0,0,-0.75,-0.12
1063,Red,M,63,75,-1,55,,1064,,1062,,1,,,,0,0,0,-0.75,-0.87
1064,Red,N,64,75,-0.5,55,,1065,,1063,,1,,,,0,0,0,-0.38,-1.24
1065,Red,N,65,75,0,55,,1066,,1064,,1,,,,0,0,0,0.00,-1.24
1066,Red,N,66,75,0,55,,1052,,1065,,1,,,,0,0,0,0.00,-1.24
1067,Red,O,67,50,0,55,UNDERGROUND,1068,,1043,,1,,,,1,0,0,0.00,-1.24
1068,Red,P,68,50,0,55,UNDERGROUND,1069,,1067,,1,,,,1,0,0,0.00,-1.24
1069,Red,P,69,50,0,55,UNDERGROUND,1070,,1068,,1,,,,1,0,0,0.00,-1.24
1070,Red,P,70,50,0,55,UNDERGROUND,1071,,1069,,1,,,,1,0,0,0.00,-1.24
1071,Red,Q,71,50,0,55,UNDERGROUND,1038,,1070,,1,,,,1,0,0,0.00,-1.24
1072,Red,R,72,50,0,55,UNDERGROUND,1073,,1032,,1,,,,1,0,0,0.00,-1.24
1073,Red,S,73,50,0,55,UNDERGROUND,1074,,1072,,1,,,,1,0,0,0.00,-1.24
1074,Red,S,74,50,0,55,UNDERGROUND,1075,,1073,,1,,,,1,0,0,0.00,-1.24
1075,Red,S,75,50,0,55,UNDERGROUND,1076,,1074,,1,,,,1,0,0,0.00,-1.24
1076,Red,T,76,50,0,55,UNDERGROUND,1027,,1075,,1,,,,1,0,0,0.00,-1.24
, ,,,,,,,,,,,,,,,,,,,
, ,,,,,,,,,,,,,,,,,,,
, ,,,,,,,,,,,,,,,,,,,
, ,,,,,,,,,,,,,,,,,,,
, ,,,,,,,,,,,,,,,,,,,
, ,,,,,,,,,,,,,,,,,,,
, ,,,,,,,,,,,,,,,,,,,
, ,,,,,,,,,,,,,,,,,,,
, ,,,,,,,,,,,,,,,,,,,
